79.1
45.7
48.8
90.4
58.6
81.7
58.6
59.6
91.2
63.9
99.2
80.2
70
53.1
72
57.5
93.5
96.6
98.2
73.2
89
57.2
76.8
76.8
62.9
89.6
54.5
78.5
72.4
91.3
77.7
86.4
83.6
45.3
96.3
63
97.4
90.2
81.2
58.8
64.1
52.3
97.9
87.5
84.3
66
50.5
82.5
82.4
79.3
48.2
99.5
67.3
58.3
58.6
85.6
62.9
94.5
77.4
52
65.9
99
76.8
80.1
66
63.5
95.9
71.5
49.6
83.7
58.5
95.2
61.6
80.2
80
60.6
81.2
78.9
80.9
55
55.5
49.5
46.2
98.8
76.4
76.2
96.9
70.6
69.5
77.1
54.6
92.4
75.6
84.9
95.5
60.6
66.2
96.2
78.5
84.3
64.8
79.6
86.3
62.6
67.7